67987
683275
565954
24254
27168636
498879
5224
127
93415
51687
3249429
4641
22769
242
8592
38192
7153
7434239
3966
3428274
17696
366
81791
5998
319749
63
9161685
7874
61132
4528134
348258
697188
18
2933
42
25242
23512
994996
37142745
473
8552
1768
338
135
231
925319
1
92614
897621
2614
63341
745
52
719
2231
878543
4
93963
742
5727
58159
2872
312
92
79857
19174
24786
385
47
81
5728
815
62737641
712
79113
694327626
6499
71
177
6715
559291
9368
2494735
9382614
69
83813231
78
65
24456
678
147
242
426
843
338942
62
82
986
956
52
335569
2275
58
82259
743321
19
5465
728
14861
23187
25
1611
564743
24651
423
8
1641
289278
7964
543
17939
895961
6478
283
1211
693
4
866364
1488846
215
8793
2273
6145551
175
43122
834
6171
8568328
1
146
95144
6762723
49736
9347
37357
384489118
7134331
75672
76
7
219642
462
6399479
93
75857
219712
2253
17
85339
5859
9
6459
355
2866
66899
372
917862
487275
7
71259
4969
95583
37244264
2958
311143
7183
6816
2361
425556
393
827
721365
328
44991
221878
6161
564
127375
53957
4
487
4893435
3665
6862163
82567
92663
636
3
923446
75784
65875321
2897
744
8226
38157
3121732
556
83
499
3862
137
5198
3
679247159
4
225532
796994
723
22893
7721
729
7332862
379
61382
769889
53623
8635577
624
541
61793
8866343
532323
975
1552
8859
1725
428
882
586
81744
91
1
23761
676
582
354
97176
61823
56346
2163
2141366
65236
1151
6
232455
882
597161
23199
9266
64826
51561
9315366
3918
9551
594
716
2363
7532
979134
1176375
4949
396
1512
72675116
8896
694
3298
453
55739
11276
286
8855
15
71215682
55124
717619
97144
51638
7173
161
47258
465
75863
63616
45895
7861
3839
59765
5617269
8
2482
14682
5297992
543
4
2847882
935
612564
3935
35
8467724
1737
96654
466559
958181
6411
489
88
663
19
881222
8654
4393
1835
8631
37
7412
49529
946724
27
8749
776847
517
875
227
466
9758
2416
264
22391
1246
417433
671
113
182923
571
12
2355
1795
654213
5396578
68353
539279
52362
45549
21146
486
81575
89432
5833185
6
49
9497689
5566
638411
93133
1488
1248311
873
7
72636
75632
15
49749
1576833
95
993982
926132
6429
91745
164
41
476876
6499982
77
33
81
868921
939
76
92469
963
9114
716399
5
1921
1635
9396
241318
445
962
58332236
35
412
58619
5833
3756555
5483
816888
2
66497
331
3472
987
84324
8695
284526
1211
93476
91265
75
5
861212
782241
999
73838
226
1722
768
5627581
91713
69148
57226
334188
566577
98272
5562
5225886
246
251
382
87754
134949
795528
645
1394298
1
1127388
685956
5476
21569
56179
94543
92435
8423
5
173
5748
97
5
4755
231
978
8193196
24462
2563
2477
36628
4664
7444874
9749
35296
2832
1794
433
4378
214819
74594
25818
41592
931982
66759
6449
61281
558
976
881
32
64263
6547
29634
88976217
44172
1458
883525
6758
71
75
46
95431
6339
69613
312
25
97
72452
868
33542
4345
772
7117
7859348
758
9328
492412
7393
87289
292
75
13972324
272171
97
4715
295
362
35
83
9493628
136741
951
75745
59
957655
8383
5643
13
172
8
828
69645
85227
54883
5894
648262
27786
526
37688
9862
433723
713
82127
526
22
918479
877645
6376894
49
3955
13261
7593993
636
237
45
79612
42531
43
59
59689
6
41
9227246
7377
4952
5839
8
1679
59
484922
22362
815
6456
164
57561
8995458
362351
64
41743
76
63
7459
1
96267
59
8891
765
8
462123
574
2
174994
434885
45867611
74437
748559
56374
826
58
87797
927238
89765
76673
569
41
16634
164918
1
86515
98
56823
19268
75322492
3
67817
77531
355417
7339692
45
856397
699
731
8177486
386
196
95
867244
4631
976
365
31427
6756175
32555
244
444
5637
11
335
921923
5211
59
25
33922
32969651
36
2876
312739
886366
337
2538
967839
6
86499
42843
19
264
21177761
4859
217118
16544
647
6699
4972432
624692
986
71868
689
1613
32
424
23
677
9896
77785
7464519
25719
7119381
93674
75615
585
432
23936
25
497325
816171
48145
871
93891
596
1286
725813
63641
3964949
99
18684
8778
15292
51
1475
9583
662272
26
8131
7962
16732
173
6917
21338
51674
385
1156
482
5295
748938
221336
361
3386
9833
68
62
1841
84765
9777
17716
185683
58
3766
174
629398
66338
11851
185
44
89158
85955
11673
598
25176
871
7751
41553
598
829
69
317437
17243
146
8118
9347
4825
8625
9818
485
8399
696
148177
447514
29
451
9925
9118685
448657
975
2415
22667
252
27
7226
223
18
11
2454
842
1768132
85568
941
267
84557
771846
4149
81794
34635
2921414
25
76
51224
1425739
126229
6399375
8749
4561
38687267
45
763
957
8579
21546
93974
73
77
53
4873
912
489545
986
6151
8333313
171
23
3981
5849
316
743465
1371
1312
51217
54575
7992
7
676
52
47
87624
8441
476
17416
24345
44
472523
84952
236
68371
6455
9
2876
53712
547
498382
2
6
434
622583
813543
79848
23633
898
8273
739
293
387
8947
668585
283
1795811
132
3854471
52529
172
545
3638641
93
99
9
463697
65342
9921771
792793
6481353
869
75
567
342
29
12948
5
53
81588
81152
9891663
2124
3459
436
7722
9625
9393
938948
258832
3316
1756
5
843775
624
255
138199
8583
1197
788
669
3231
75
6931
1359
98469
585
779232
3965567
2414
969
44
112148
6431
769
175294
18
13
973
49
37699546
1
714
3618
9434
3869
66526
38782
8793
4619
491218
2
71
1286
2749
3819
3425
7411
64343
37744
85
193
5
739943
91957
4172
5924
57951
71
38316
9154
764136
8299
238
567
433
36266
855
11936
32611
16715
9
3
1759
762
817
3554
8
389
43993
7874
35
9192
56461
45
9627
2
8997
536
9
326
76
3955
37
1575
73727275
1653
9381
219
1857614
7232
1334958
42
473875
22471
